[tour1.jpg]
backuphash=12313
[guj31.jpg]
backuphash=15385
filters=finetune2=1,0.187135,0.036491,0.328421,00000000,0.000000;finetune2=1,0.157895,0.000000,0.072982,00000000,0.000000;
text=1;155;32;“ Experience Eternal Beauty”;Freestyle Script;0.479492,0.007321,0.100000,0.000000;v1,4294967295,0,128.000000,1.000000,0.000000,1.000000,400,0,49152;;
textactive=1
moddate=959006b43857d301
